Left_RPM Right_RPM angle(radians)_at_which_this_action_should_be_applied time_at_which_this_action_should_be_applied
1000 1000 0
1100 980 5 0 0.0 1
1200 940 0 5 5.689773361501515 1
1300 920 5 0 6.283185307179586 1
1400 880 0 5 5.689773361501515 1
1820 880 10 10 6.283185307179586 1
2240 880 10 10 0.0 1
2540 960 5 10 0.0 1
2720 1080 5 5 0.5934119456780721 1
2920 1320 5 10 0.5934119456780721 1
3000 1520 5 5 1.1868238913561442 1
3080 1720 5 5 1.1868238913561442 1
3160 1920 5 5 1.1868238913561442 1
3240 2120 5 5 1.1868238913561442 1
3320 2320 5 5 1.1868238913561442 1
3400 2520 5 5 1.1868238913561442 1
3480 2720 5 5 1.1868238913561442 1
3560 2920 5 5 1.1868238913561442 1
3640 3120 5 5 1.1868238913561442 1
3720 3320 5 5 1.1868238913561442 1
3800 3520 5 5 1.1868238913561442 1
3880 3720 5 5 1.1868238913561442 1
3960 3920 5 5 1.1868238913561442 1
